# Selected data from the catalog of Landolt (1992), Astronomical
# Journal, vol, 104, p. 340, supplemented by stellar parallaxes
# taken from Simbad via their web interface at
#        http://simbad.u-strasbg.fr/simbad/
#
# Columns:
#     0       Star name converted into a decimal number
#     1-3     Right ascension (hours, minutes, seconds)
#     4-6     Declination (degrees, minutes, seconds
#     7       V:  Magnitude in the V band (wavelength 0.55 micron)
#     8       BV: The B-V color (difference between B and
#             V magnitude). Blue wavelength 0.44 micron.
#     9       Parallax in milliarcsec
# 
# To read this file with numpy genfromtext:
#
#  import numpy as np
#  Landolt_data = np.genfromtxt(fname, unpack=True, names=True, skip_header=22)
#
#  where fname (a string) is the name of the file and
#        Landolt_data is a numpy array returned by genfromtxt.
#
 Star    rh rm rs    dd  dm ds     V        BV      par
92.309    00 53 14    +00 46 06    13.84    0.513   0.5778
92.235    00 53 16    +00 36 22    10.60    1.638   1.3848
92.322    00 53 47    +00 47 41    12.68    0.528   1.4118
92.248    00 54 31    +00 40 20    15.35    1.128   1.9951
92.249    00 54 34    +00 41 10    14.33    0.699   0.9312
92.250    00 54 37    +00 39 01    13.18    0.814   2.5597
92.330    00 54 44    +00 43 31    15.07    0.568   0.9275
92.252    00 54 48    +00 39 28    14.93    0.517   0.3658
92.253    00 54 52    +00 40 24    14.09    1.131   5.3902
92.335    00 55 00    +00 44 18    12.52    0.672   2.6245
92.339    00 55 03    +00 44 16    15.58    0.449   0.4503
92.342    00 55 10    +00 43 19    11.61    0.436   1.9032
92.188    00 55 10    +00 23 17    14.75    1.050   3.2992
92.409    00 55 14    +00 56 12    10.63    1.138  23.4375
92.410    00 55 15    +01 01 54    14.98    0.398   0.4799
92.412    00 55 16    +01 01 58    15.04    0.457   0.4626
92.259    00 55 22    +00 40 34    15.00    0.642   0.7205
92.347    00 55 26    +00 50 53    15.75    0.543   0.4396
92.260    00 55 29    +00 37 12    15.07    1.162   0.5160
92.348    00 55 30    +00 44 39    12.11    0.598   2.3149
92.417    00 55 32    +00 53 12    15.92    0.477   0.4056
92.263    00 55 40    +00 36 23    11.78    1.048   0.8807
92.497    00 55 54    +01 11 46    13.64    0.729   1.9274
92.425    00 55 59    +00 53 03    13.94    1.191   5.1711
92.501    00 56 00    +01 10 57    12.96    0.610   1.8899
92.426    00 56 00    +00 52 58    14.47    0.729   1.7210
92.355    00 56 06    +00 50 52    14.97    1.164   3.2832
92.427    00 56 07    +01 00 23    14.95    0.809   1.0597
92.502    00 56 08    +01 04 29    11.81    0.486   2.6342
92.430    00 56 16    +00 53 21    14.44    0.567   1.0453
92.276    00 56 27    +00 41 57    12.04    0.629   3.3145
92.508    00 56 51    +01 09 40    11.68    0.529   2.7215
92.507    00 56 51    +01 06 03    11.33    0.932    2.430
92.364    00 56 53    +00 44 07    11.67    0.607   4.4034
92.433    00 56 54    +01 00 47    11.67    0.655   3.6845
92.288    00 57 17    +00 36 52    11.63    0.855   8.8082
93.407    01 54 37    +00 53 59    11.97    0.852   6.0190
93.317    01 54 38    +00 43 11    11.55    0.488   2.8554
93.424    01 55 26    +00 56 54    11.62    1.083   0.6602
94.171    02 53 38    +00 17 34    12.66    0.817   0.3562
94.296    02 55 20    +00 28 29    12.26    0.750   2.1923
94.394    02 56 14    +00 35 25    12.27    0.545   2.8020
94.401    02 56 31    +00 40 21    14.29    0.638   0.9807
94.242    02 57 21    +00 18 54    11.73    0.301   1.8708
94.251    02 57 46    +00 16 18    11.20    1.219   1.0843
94.702    02 58 13    +01 11 09    11.59    1.418   0.4228
95.015    03 52 40    -00 05 03    11.30    0.712   5.1737
95.301    03 52 41    +00 31 37    11.22    1.290   0.9288
95.016    03 52 41    -00 04 47    14.31    1.306   5.1953
95.302    03 52 42    +00 31 37    11.69    0.825   7.3071
95.096    03 52 54    +00 00 37    10.01    0.147   1.5223
95.097    03 52 57    -00 00 01    14.82    0.906   1.6707
95.098    03 53 00    +00 03 11    14.45    1.181   3.8807
95.100    03 53 01    +00 00 31    15.63    0.791   0.9661
95.101    03 53 04    +00 03 12    12.68    0.778   3.9113
95.102    03 53 07    +00 01 28    15.62    1.001   1.1314
95.252    03 53 11    +00 27 37    15.39    1.452   0.2697
95.190    03 53 13    +00 16 39    12.63    0.287   0.3743
95.193    03 53 20    +00 16 50    14.34    1.211   4.0724
95.105    03 53 21    -00 00 01    13.57    0.976   3.9813
95.107    03 53 25    +00 02 36    16.28    1.324   2.8871
95.106    03 53 25    +00 01 40    15.14    1.251   1.3003
95.112    03 53 40    -00 00 54    15.50    0.662   1.2924
95.041    03 53 41    -00 02 12    14.06    0.903   1.7476
95.317    03 53 44    +00 30 06    13.45    1.320   1.7702
95.042    03 53 44    -00 04 08    15.61   -0.215   5.8110
95.263    03 53 47    +00 26 57    12.68    1.500   0.6715
95.115    03 53 48    -00 00 29    14.68    0.836   1.5235
95.043    03 53 49    -00 02 42    10.80    0.510   4.1629
95.271    03 54 17    +00 19 08    13.67    1.287   0.4304
95.328    03 54 19    +00 36 47    13.53    1.532   0.7105
95.329    03 54 24    +00 37 25    14.62    1.184   4.6143
95.330    03 54 31    +00 29 23    12.17    1.999   0.4094
95.275    03 54 44    +00 27 37    13.48    1.763   1.994
95.276    03 54 46    +00 26 13    14.12    1.225   4.0514
95.060    03 54 49    -00 06 46    13.43    0.776   3.1876
95.218    03 54 50    +00 10 26    12.10    0.708   3.0623
95.132    03 54 51    +00 05 40    12.06    0.448   1.3105
95.062    03 55 00    -00 02 36    13.54    1.355   0.2273
95.137    03 55 04    +00 03 51    14.44    1.457   7.7069
95.139    03 55 05    +00 03 32    12.20    0.923   7.7093
95.066    03 55 07    -00 09 12    12.89    0.715   1.2290
95.227    03 55 08    +00 14 54    15.78    0.771   1.0635
95.142    03 55 09    +00 01 39    12.93    0.588   1.5464
95.074    03 55 31    -00 08 54    11.53    1.126   0.7144
95.231    03 55 39    +00 11 02    14.22    0.452   0.4643
95.284    03 55 44    +00 25 27    13.67    1.398   0.7077
95.149    03 55 44    +00 07 23    10.94    1.593   0.4069
95.285    03 55 46    +00 23 59    15.56    0.937   0.5883
95.236    03 56 13    +00 09 02    11.49    0.736   5.3787
96.036    04 51 43    -00 09 51    10.59    0.247   2.09
96.737    04 52 35    +00 22 50    11.72    1.334   0.2342
96.409    04 52 58    +00 09 26    13.78    0.543   0.9406
96.083    04 52 59    -00 14 22    11.72    0.170   0.6613
-0.071    05 52 28    +15 33 15    13.03   -0.249  19.2452
97.249    05 57 07    +00 01 34    11.73    0.648   3.7804
97.042    05 57 09    -00 10 50    12.45    1.626   0.5173
97.345    05 57 26    +00 20 48    11.61    1.655   1.7902
97.351    05 57 37    +00 14 05     9.78    0.202   2.3650
97.075    05 57 55    -00 09 07    11.48    1.872   0.5552
97.284    05 58 25    +00 05 35    10.79    1.363   1.7579
97.224    05 58 44    -00 04 50    14.09    0.910   1.8286
98.961    06 51 27    -00 15 15    13.09    1.283   0.4533
98.966    06 51 29    -00 16 05    14.00    0.469   0.4559
98.556    06 51 30    -00 24 30    14.14    0.338   0.3714
98.557    06 51 30    -00 24 45    14.78    1.397   0.2948
98.563    06 51 32    -00 26 04    14.16    0.416   0.2069
98.978    06 51 34    -00 11 06    10.57    0.609   5.7916
98.581    06 51 40    -00 25 21    14.56    0.238   0.3729
98.580    06 51 40    -00 26 21    14.73    0.367   0.4030